City,City Number,Latitude,Longitude,Temp,Wind Speed,Cloudiness,Humidity,Date
Vardo,4372777.0,39.62,-77.74,35.24,6.93,1,45.0,1546887180.0
Busselton,2075265.0,-33.64,115.35,62.69,23.26,0,100.0,1546888438.0
Puerto Ayora,3652764.0,-0.74,-90.35,86.0,18.34,40,58.0,1546884000.0
Vieste,3164387.0,41.88,16.18,42.8,6.93,40,100.0,1546883700.0
Port Alfred,964432.0,-33.59,26.89,72.91,16.44,64,80.0,1546888407.0
Albany,5106834.0,42.65,-73.75,18.55,9.17,1,46.0,1546887240.0
Kahului,5847411.0,20.89,-156.47,73.0,5.93,1,62.0,1546887360.0
Saskylakh,2017155.0,71.97,114.09,-42.12,8.16,8,0.0,1546888440.0
Vila Franca do Campo,3372472.0,37.72,-25.43,62.6,20.8,40,88.0,1546885800.0
Bambous Virieux,1106677.0,-20.34,57.76,80.6,13.87,75,88.0,1546887600.0
Thinadhoo,1337610.0,0.53,72.93,82.76,11.18,12,100.0,1546888863.0
Yulara,6355222.0,-25.24,130.99,71.6,5.82,0,19.0,1546884000.0
Mumford,2297810.0,5.26,-0.76,81.46,7.38,20,76.0,1546888864.0
Mar del Plata,3863379.0,-46.43,-67.52,66.74,23.82,92,43.0,1546888402.0
Gamba,1281256.0,28.28,88.52,-9.67,3.47,32,66.0,1546888868.0
Vagur,2610806.0,61.47,-6.81,44.56,39.15,12,100.0,1546888868.0
Ushuaia,3833367.0,-54.81,-68.31,56.43,6.93,75,43.0,1546884000.0
Hilo,5855927.0,19.71,-155.08,69.98,5.82,90,56.0,1546887180.0
Clyde River,5924351.0,70.47,-68.59,-7.61,17.22,75,83.0,1546884000.0
Broome,2656067.0,52.47,1.45,51.08,20.8,40,81.0,1546887360.0
Katherine,2068655.0,-14.47,132.26,80.6,8.05,0,83.0,1546887600.0
Qaanaaq,3831208.0,77.48,-69.36,-14.26,11.86,12,100.0,1546888424.0
Kiunga,2093846.0,-6.12,141.3,73.58,2.13,20,93.0,1546888870.0
Aripuana,3665202.0,-9.17,-60.63,82.72,2.91,92,80.0,1546888870.0
Upernavik,3418910.0,72.79,-56.15,14.32,5.48,68,100.0,1546888525.0
Hermanus,3366880.0,-34.42,19.24,68.59,4.59,8,67.0,1546888398.0
Rikitea,4030556.0,-23.12,-134.97,79.03,17.78,80,99.0,1546888394.0
Portland,5746545.0,45.52,-122.67,40.75,4.7,90,76.0,1546887180.0
Hobart,2163355.0,-42.88,147.33,57.2,3.36,75,87.0,1546885800.0
Atuona,4020109.0,-9.8,-139.03,81.28,17.45,80,100.0,1546888478.0
Aranda de Duero,3129877.0,41.67,-3.69,28.54,2.57,0,86.0,1546888872.0
Pisco,3932145.0,-13.71,-76.2,71.6,11.41,75,30.0,1546887600.0
Cape Town,3369157.0,-33.93,18.42,66.2,20.8,20,77.0,1546887600.0
Mataura,6201424.0,-46.19,168.86,54.05,8.95,80,70.0,1546888400.0
Jamestown,2069194.0,-33.21,138.6,58.55,2.57,76,82.0,1546888415.0
Victoria,1733782.0,5.28,115.24,81.5,3.36,75,83.0,1546885800.0
Airai,1651810.0,-8.93,125.41,66.61,1.68,0,89.0,1546888288.0
Grand Gaube,934479.0,-20.01,57.66,80.6,13.87,75,88.0,1546887600.0
Snyder,5530921.0,32.72,-100.92,62.06,11.41,1,27.0,1546887300.0
Leningradskiy,2123814.0,69.38,178.42,-8.46,22.03,0,99.0,1546888480.0
New Norfolk,2155415.0,-42.78,147.06,57.2,1.45,75,87.0,1546885800.0
Aylesbury,2656719.0,51.82,-0.81,49.87,17.22,90,93.0,1546887360.0
Richards Bay,962367.0,-28.77,32.06,71.56,6.82,32,76.0,1546888426.0
Muros,3115824.0,42.77,-9.06,45.54,4.7,0,70.0,1546885800.0
Loukhi,533964.0,66.08,33.04,20.84,7.61,0,83.0,1546888876.0
Fortuna,2517679.0,38.18,-1.13,51.75,4.7,20,81.0,1546885800.0
Kapaa,5848280.0,22.08,-159.32,72.61,4.7,1,75.0,1546887360.0
East London,1006984.0,-33.02,27.91,71.6,19.46,0,78.0,1546884120.0
Yellowknife,6185377.0,62.45,-114.38,-22.01,6.93,75,74.0,1546884000.0
Punta Arenas,3874787.0,-53.16,-70.91,54.57,14.99,0,40.0,1546884000.0
Esperance,3573739.0,10.24,-61.45,86.0,18.34,40,58.0,1546884000.0
Guerrero Negro,4021858.0,27.97,-114.04,62.6,4.14,20,75.0,1546888272.0
Te Anau,2181625.0,-45.41,167.72,50.14,5.7,64,82.0,1546888536.0
Talnakh,1490256.0,69.49,88.39,1.36,6.71,48,68.0,1546888398.0
Maun,933366.0,-19.99,23.42,78.8,5.82,20,69.0,1546887600.0
Macenta,2417988.0,8.55,-9.47,84.43,2.01,0,41.0,1546888879.0
Katsuura,1865309.0,33.93,134.5,39.2,5.82,40,80.0,1546887600.0
Cidreira,3466165.0,-30.17,-50.22,90.41,12.64,24,74.0,1546888573.0
Cherskiy,2126199.0,68.75,161.3,-25.51,2.57,0,39.0,1546888419.0
Caucaia,3402429.0,-3.73,-38.66,84.2,14.99,40,74.0,1546887600.0
Trat,1605279.0,12.25,102.51,79.43,4.36,0,100.0,1546888880.0
Saldanha,2737599.0,41.42,-6.55,32.81,3.47,0,79.0,1546888690.0
Xai-Xai,1024552.0,-25.04,33.64,74.53,9.17,0,100.0,1546888881.0
Avarua,4035715.0,-21.21,-159.78,78.8,2.24,75,69.0,1546887600.0
Severo-Kurilsk,2121385.0,50.68,156.12,26.56,23.6,56,100.0,1546888561.0
Bredasdorp,1015776.0,-34.53,20.04,66.2,4.7,36,77.0,1546887600.0
Victor Harbor,2059470.0,-35.55,138.62,57.2,6.93,0,82.0,1546887600.0
Oussouye,2246901.0,12.49,-16.54,81.05,2.24,92,57.0,1546887600.0
Tuatapere,2180815.0,-46.13,167.69,55.13,15.77,36,98.0,1546888657.0
Butaritari,2110227.0,3.07,172.79,80.78,11.97,76,100.0,1546888459.0
Castro,3896218.0,-42.48,-73.76,51.8,5.82,75,81.0,1546887600.0
Dulce Nombre de Culmi,3612810.0,15.08,-85.56,82.4,2.24,40,58.0,1546887600.0
Makeni,2406407.0,8.88,-12.05,89.74,3.58,8,34.0,1546888886.0
Bluff,2175403.0,-23.58,149.07,73.13,8.72,92,80.0,1546888453.0
Liepaja,457954.0,56.52,21.02,36.63,8.05,80,100.0,1546887000.0
Lagoa,2267254.0,37.14,-8.45,55.4,2.24,0,71.0,1546885800.0
Energeticheskiy,1524308.0,43.43,77.02,14.0,4.47,40,85.0,1546887600.0
Hasaki,2112802.0,35.73,140.83,28.4,5.82,75,79.0,1546887600.0
Itarema,3393692.0,-2.92,-39.92,83.44,10.18,80,77.0,1546888642.0
Nikolskoye,546105.0,59.7,30.79,28.4,8.95,90,100.0,1546885800.0
Torbay,6167817.0,47.66,-52.73,30.2,14.99,75,74.0,1546884000.0
Khatanga,2022572.0,71.98,102.47,-22.05,12.08,24,32.0,1546888414.0
Mahebourg,934322.0,-20.41,57.7,80.6,13.87,75,88.0,1546887600.0
Santa Maria del Oro,3984078.0,25.95,-105.37,66.16,3.58,44,43.0,1546888892.0
Puerto Varas,3874930.0,-41.32,-72.98,57.2,17.22,90,82.0,1546887600.0
Narsaq,3421719.0,60.91,-46.05,27.64,14.43,92,85.0,1546888397.0
San,2451778.0,13.3,-4.9,80.96,6.26,20,24.0,1546888735.0
Voyvozh,471308.0,62.89,54.96,14.14,10.07,92,82.0,1546888893.0
Port Elizabeth,4501427.0,39.31,-74.98,34.97,3.36,75,34.0,1546887360.0
Didsbury,5939210.0,51.66,-114.14,14.45,2.24,90,92.0,1546887600.0
Nyurba,2018735.0,63.29,118.35,-4.23,4.92,48,78.0,1546888895.0
Severo-Yeniseyskiy,1492566.0,60.37,93.04,10.76,6.26,68,75.0,1546888895.0
Virtsu,591189.0,58.57,23.51,35.6,6.93,90,100.0,1546887000.0
Luocheng,7690142.0,28.29,114.55,41.99,1.9,92,93.0,1546888727.0
Moerai,4034188.0,-22.43,-151.33,78.71,16.22,0,99.0,1546888896.0
Nichinan,1855476.0,31.65,131.31,39.52,6.04,0,100.0,1546888528.0
Georgetown,3378644.0,6.8,-58.16,85.19,16.11,75,74.0,1546884000.0
Sambava,1056899.0,-14.27,50.17,81.37,0.11,68,100.0,1546888898.0
Iqaluit,5983720.0,63.75,-68.52,-22.01,5.82,20,74.0,1546884000.0
Naze,2337542.0,5.43,7.07,80.6,1.79,44,47.0,1546884000.0
Provideniya,4031574.0,64.42,-173.23,4.06,29.97,0,100.0,1546888286.0
Hithadhoo,1282256.0,-0.6,73.08,80.38,5.26,12,100.0,1546888427.0
Souillac,3026644.0,45.6,-0.6,42.58,3.36,90,93.0,1546885800.0
Arraial do Cabo,3471451.0,-22.97,-42.02,91.47,16.11,0,52.0,1546884000.0
Ilulissat,3423146.0,69.22,-51.1,17.6,5.82,75,78.0,1546887000.0
Kaitangata,2208248.0,-46.28,169.85,54.01,15.21,0,69.0,1546888403.0
Yuzhno-Sukhokumsk,466060.0,44.66,45.65,25.7,4.14,88,91.0,1546888899.0
Ribeira Grande,3372707.0,38.52,-28.7,64.4,19.46,40,82.0,1546885800.0
Fort Dodge,4857486.0,42.5,-94.17,37.69,11.41,90,85.0,1546887360.0
Yongan,1806687.0,39.7,113.69,-6.16,2.57,0,51.0,1546888900.0
Tuktoyaktuk,6170031.0,69.44,-133.03,-13.01,3.36,75,75.0,1546884000.0
Kutum,371745.0,14.2,24.66,61.39,8.61,0,34.0,1546888698.0
Coihaique,3894426.0,-45.58,-72.07,49.5,8.05,90,87.0,1546887600.0
Lyss,2659808.0,47.07,7.31,34.9,5.82,90,74.0,1546887000.0
Senanga,898947.0,-16.1,23.3,74.03,3.13,36,88.0,1546888902.0
Mahon,2965139.0,51.89,-8.4,51.8,11.41,75,87.0,1546887600.0
Lebu,344979.0,8.96,38.73,47.62,4.92,0,34.0,1546888468.0
Yumen,1528998.0,40.29,97.04,3.11,4.47,48,86.0,1546888903.0
Hervey Bay,2146219.0,-25.3,152.85,77.0,13.87,68,69.0,1546884000.0
Zhigansk,2012530.0,66.77,123.37,-21.01,5.48,44,61.0,1546888904.0
Geraldton,5960603.0,49.72,-86.95,21.2,11.41,90,79.0,1546884000.0
Motygino,1498314.0,58.18,94.69,17.02,7.94,88,82.0,1546888905.0
Arlit,2447513.0,18.74,7.39,57.52,3.47,0,62.0,1546888753.0
Chuy,3443061.0,-33.69,-53.46,78.08,31.32,92,89.0,1546888451.0
Port Hedland,2063042.0,-20.31,118.58,80.6,6.93,0,94.0,1546887600.0
Vitoria,3662761.0,-8.36,-72.77,86.63,4.36,64,67.0,1546888750.0
Hay River,5972762.0,60.82,-115.79,-11.21,6.93,75,69.0,1546887600.0
Raudeberg,3146487.0,61.99,5.14,37.58,17.22,75,80.0,1546887000.0
Telde,2510542.0,27.99,-15.42,64.4,6.93,20,45.0,1546887600.0
Mongo,240498.0,4.83,22.92,80.06,3.36,0,73.0,1546888908.0
Lubango,3347762.0,-14.92,13.49,74.84,3.91,24,43.0,1546888910.0
Batagay-Alyta,2027042.0,67.8,130.41,-30.69,2.8,48,47.0,1546888910.0
Padang,1633419.0,-0.92,100.36,77.0,2.24,40,94.0,1546884000.0
Soyo,2236967.0,-6.13,12.37,80.74,6.82,48,81.0,1546888696.0
Saint-Augustin,3031582.0,44.83,-0.61,42.58,2.24,90,87.0,1546885800.0
Emba,146639.0,34.81,32.42,45.14,6.93,40,87.0,1546885800.0
Tlacote el Bajo,3981483.0,20.66,-100.51,75.2,4.7,75,31.0,1546886400.0
Tiksi,2015306.0,71.64,128.87,-29.02,2.68,20,46.0,1546888410.0
Luwuk,1637001.0,-0.95,122.79,79.66,3.02,68,95.0,1546888912.0
Tura,1254046.0,25.52,90.21,51.04,2.46,0,79.0,1546888526.0
Antsohihy,1068971.0,-14.88,47.99,74.21,1.34,88,100.0,1546888649.0
Seymchan,2121373.0,62.93,152.39,-21.46,2.24,76,59.0,1546888913.0
Egvekinot,4031742.0,66.32,-179.17,-43.56,2.68,0,0.0,1546888914.0
Vaini,1273574.0,15.34,74.49,64.94,4.81,0,70.0,1546888430.0
Pinega,509483.0,64.7,43.39,25.43,5.7,88,92.0,1546888915.0
Saint George,262462.0,39.45,22.34,30.2,6.93,40,68.0,1546887000.0
Bethel,5880568.0,60.79,-161.76,4.59,10.29,90,87.0,1546888200.0
Plaster Rock,7290171.0,46.91,-67.4,13.03,9.17,1,50.0,1546887360.0
Luderitz,3355672.0,-26.65,15.16,63.19,16.11,0,83.0,1546888710.0
Toora-Khem,1489401.0,52.47,96.11,-24.12,2.57,0,31.0,1546888916.0
Banda Aceh,1215502.0,5.56,95.32,74.21,2.24,12,100.0,1546888916.0
Tire,299137.0,38.09,27.73,29.91,11.41,75,64.0,1546887000.0
Sigayevo,493040.0,56.42,53.78,1.94,7.27,44,78.0,1546888917.0
Bobovdol,733151.0,42.37,23.02,17.6,13.87,75,78.0,1546885800.0
Oranjemund,3354071.0,-28.55,16.43,63.59,7.38,92,92.0,1546888762.0
Timbiqui,3667070.0,2.77,-77.67,77.54,3.91,80,98.0,1546888435.0
Susehri,739209.0,40.16,38.09,14.23,2.01,32,80.0,1546888918.0
Nangong,1800065.0,37.36,115.37,18.64,2.8,0,57.0,1546888919.0
Cayenne,3382160.0,4.94,-52.33,82.4,16.11,75,69.0,1546887600.0
Barcelona,3128760.0,41.38,2.18,44.58,10.29,20,52.0,1546885800.0
Ust-Nera,2120048.0,64.57,143.24,-48.33,1.79,48,0.0,1546888919.0
Kodiak,4407665.0,39.95,-94.76,55.17,12.75,1,52.0,1546887300.0
Genhe,2037252.0,50.78,121.52,-26.64,6.15,0,37.0,1546888920.0
Naryan-Mar,523392.0,67.67,53.09,1.63,14.2,68,69.0,1546888920.0
Ponta do Sol,3453439.0,-20.63,-46.0,86.41,9.84,12,56.0,1546888465.0
Vila Velha,6320062.0,-3.71,-38.6,84.2,14.99,40,74.0,1546887600.0
Belen,321572.0,36.49,36.19,44.6,13.87,75,100.0,1546887000.0
Tevriz,1489661.0,57.51,72.4,11.66,8.95,64,75.0,1546888921.0
Masterton,2206890.0,-40.95,175.66,53.78,8.16,12,100.0,1546888834.0
Burnie,2173125.0,-41.05,145.91,61.21,4.25,44,100.0,1546888784.0
Itoman,1861280.0,26.12,127.67,65.25,3.36,75,64.0,1546887600.0
Longyearbyen,2729907.0,78.22,15.63,24.8,43.62,75,73.0,1546887000.0
San Quintin,1688687.0,17.54,120.52,61.84,3.24,0,78.0,1546888353.0
Popondetta,2088163.0,-8.77,148.24,67.24,1.9,20,84.0,1546888925.0
Maragogi,3395458.0,-9.01,-35.22,78.71,8.72,88,100.0,1546888647.0
Isangel,2136825.0,-19.55,169.27,76.51,13.2,48,100.0,1546888421.0
Vanderhoof,6173361.0,54.02,-124.02,11.71,3.91,44,62.0,1546888922.0
Tasiilaq,3424607.0,65.61,-37.64,23.0,6.93,76,49.0,1546887000.0
Udachnyy,2014624.0,66.42,112.4,-12.51,4.14,36,75.0,1546888926.0
Bacolod,1729564.0,10.68,122.95,74.66,11.63,88,94.0,1546888926.0
Flin Flon,5954718.0,54.77,-101.88,19.4,6.93,90,85.0,1546887600.0
Gat,2249901.0,14.69,-16.54,85.73,5.82,68,23.0,1546887600.0
Tautira,4033557.0,-17.73,-149.15,80.6,4.7,75,83.0,1546887600.0
Kiama,2161515.0,-34.67,150.86,68.0,5.82,90,100.0,1546887600.0
Praia da Vitoria,3372760.0,38.73,-27.07,64.4,22.03,75,88.0,1546884000.0
Port-Cartier,6111696.0,50.03,-66.88,12.2,8.05,20,36.0,1546884000.0
Zemio,235826.0,5.02,25.13,75.52,2.35,0,79.0,1546888929.0
Wittstock,3249091.0,53.37,13.69,37.04,10.18,88,94.0,1546888929.0
Zeya,2012593.0,53.74,127.27,-9.99,4.81,0,49.0,1546888632.0
Luganville,2136150.0,-15.51,167.18,79.93,11.41,24,100.0,1546888930.0
Alto Araguaia,3472473.0,-17.32,-53.22,85.51,11.41,48,53.0,1546888930.0
Guadalajara,3121070.0,40.63,-3.16,50.04,6.93,0,34.0,1546885800.0
Chokurdakh,2126123.0,70.62,147.9,-27.49,8.28,36,43.0,1546888475.0
Okha,2122614.0,53.59,142.95,4.46,17.56,0,79.0,1546888931.0
Beringovskiy,2126710.0,63.05,179.32,21.2,34.0,88,87.0,1546888563.0
Manono,209598.0,-7.3,27.4,67.64,7.72,92,100.0,1546888931.0
San Jeronimo,3929607.0,-13.65,-73.37,60.8,14.99,75,48.0,1546887600.0
Kavieng,2094342.0,-2.57,150.8,84.07,11.41,92,100.0,1546888431.0
Dingle,1714733.0,11.0,122.67,74.26,14.99,64,93.0,1546888932.0
Touros,3386213.0,-5.2,-35.46,84.2,16.11,0,70.0,1546887600.0
Inhambane,1045114.0,-23.87,35.38,75.65,8.5,0,96.0,1546888337.0
Smidovich,2016412.0,48.6,133.81,-5.26,6.26,24,83.0,1546888933.0
Mawlaik,1310120.0,23.63,94.42,59.63,2.68,88,94.0,1546888934.0
Poum,787487.0,41.28,20.71,19.4,4.7,20,52.0,1546887600.0
Natal,3394023.0,-5.81,-35.21,84.2,17.22,75,70.0,1546887600.0
Santiago de las Vegas,3536724.0,22.97,-82.39,80.6,5.82,40,61.0,1546887300.0
Yurimaguas,3690654.0,-5.9,-76.1,48.2,9.17,20,310.0,1546887600.0
Adrar,2508813.0,27.87,-0.29,60.8,10.29,0,18.0,1546884000.0
Picayune,4440975.0,30.53,-89.68,67.62,5.82,75,68.0,1546887300.0
Lavrentiya,4031637.0,65.58,-170.99,2.71,21.59,0,96.0,1546888661.0
Whithorn,3491102.0,18.26,-78.04,84.2,19.46,40,62.0,1546887600.0
Hovd,7626384.0,63.83,10.7,36.46,16.11,40,74.0,1546887000.0
Kruisfontein,986717.0,-34.0,24.73,68.68,6.15,92,77.0,1546888522.0
Potosi,3907584.0,-19.59,-65.75,66.65,3.58,0,18.0,1546888916.0
Maceio,3395981.0,-9.67,-35.74,80.6,13.87,75,65.0,1546887600.0
Oistins,3373652.0,13.07,-59.53,82.4,20.8,20,69.0,1546887600.0
Kurilsk,2123979.0,45.23,147.88,24.67,18.45,48,100.0,1546888938.0
Mount Gambier,2156643.0,-37.83,140.78,50.0,5.82,56,93.0,1546884000.0
Zmeinogorsk,1485042.0,51.15,82.2,20.03,10.18,20,63.0,1546888939.0
Xinqing,2033667.0,48.28,129.53,-8.77,4.7,32,63.0,1546888940.0
Vestmannaeyjar,3412093.0,63.44,-20.27,39.2,20.8,40,64.0,1546884000.0
Arys,1526168.0,42.43,68.8,51.8,22.37,0,57.0,1546887600.0
Mackay,5921525.0,53.65,-115.58,1.4,9.17,20,77.0,1546887600.0
Kuala Terengganu,1734705.0,5.33,103.14,80.6,5.82,75,88.0,1546887600.0
Tocopilla,3869716.0,-22.09,-70.2,67.73,5.14,44,86.0,1546888850.0
Dalbandin,1180729.0,28.9,64.41,53.69,12.97,36,65.0,1546888766.0
Westport,2960970.0,53.8,-9.52,42.8,11.41,40,93.0,1546887600.0
Merauke,2082539.0,-8.49,140.4,75.29,9.84,64,100.0,1546888943.0
Chipinge,893549.0,-20.19,32.62,72.95,5.26,12,88.0,1546888454.0
Nanortalik,3421765.0,60.14,-45.24,33.44,42.5,92,92.0,1546888515.0
Diamantino,3464724.0,-14.4,-56.44,82.27,8.95,80,75.0,1546888943.0
Sumbe,3346015.0,-11.2,13.84,79.12,7.38,12,94.0,1546888943.0
Trairi,3386177.0,-3.28,-39.27,78.8,13.42,88,100.0,1546888944.0
Lorengau,2092164.0,-2.02,147.27,83.75,15.66,64,98.0,1546888420.0
Minab,123941.0,27.15,57.07,66.38,6.93,0,88.0,1546887600.0
Awjilah,88533.0,29.14,21.3,50.99,8.39,8,85.0,1546888944.0
Barrow,3833859.0,-38.31,-60.23,88.93,6.38,24,50.0,1546888429.0
Empangeni,1005544.0,-28.75,31.9,71.56,6.82,32,76.0,1546888945.0
Marsh Harbour,3571913.0,26.54,-77.06,73.81,13.2,32,100.0,1546888524.0
Darnah,87205.0,32.77,22.64,59.32,30.31,100,100.0,1546888945.0
Malanje,2239862.0,-9.54,16.35,72.64,5.37,36,75.0,1546888945.0
Los Llanos de Aridane,2514651.0,28.66,-17.92,68.0,8.05,40,60.0,1546887600.0
Crewe,4754686.0,37.17,-78.12,44.01,3.58,1,57.0,1546887360.0
Lufilufi,4035249.0,-13.87,-171.6,84.2,19.46,40,79.0,1546884000.0
Praia,3460954.0,-20.25,-43.81,87.73,9.17,40,41.0,1546884000.0
Tsumeb,3352593.0,-19.25,17.72,79.21,2.24,32,58.0,1546888946.0
Bathsheba,3374083.0,13.22,-59.52,82.4,20.8,20,69.0,1546887600.0
Pampa,5527953.0,35.54,-100.96,61.38,20.8,1,18.0,1546887300.0
Mount Isa,2065594.0,-20.73,139.49,82.4,5.82,0,48.0,1546887600.0
Dryden,5942913.0,49.79,-92.84,30.2,8.05,90,92.0,1546888620.0
Midlothian,4711156.0,32.48,-96.99,71.89,8.05,1,46.0,1546887300.0
Adre,245669.0,13.47,22.2,73.72,9.06,0,27.0,1546888420.0
Atar,2381334.0,20.52,-13.05,78.8,13.87,8,14.0,1546884000.0
Obregon,3998214.0,32.86,-114.79,57.79,8.05,40,60.0,1546887540.0
Mehamn,778707.0,71.03,27.85,32.0,13.87,20,90.0,1546887000.0
Hun,2790471.0,50.34,4.87,44.6,19.46,75,93.0,1546887060.0
Bulgan,2032201.0,48.81,103.53,-18.22,4.03,0,23.0,1546888948.0
Necochea,3430443.0,-38.55,-58.74,80.38,3.91,76,82.0,1546888355.0
Altus,4529292.0,34.64,-99.33,61.77,12.75,1,34.0,1546887300.0
Menongue,3347353.0,-14.66,17.68,66.61,4.36,76,90.0,1546888949.0
San Andres,1690438.0,13.32,122.68,78.58,20.36,0,100.0,1546888950.0
Shumikha,1491999.0,55.23,63.28,-3.46,6.38,0,63.0,1546888950.0
Mandera,187896.0,3.94,41.86,83.03,8.84,0,25.0,1546888276.0
Gander,5959335.0,48.95,-54.61,23.0,24.16,90,73.0,1546887600.0
Fremont,5350734.0,37.55,-121.99,55.74,3.36,1,80.0,1546887360.0
Nakama,1855907.0,33.82,130.71,44.56,5.82,75,57.0,1546887600.0
Saurimo,145531.0,-9.66,20.4,67.46,2.68,68,98.0,1546888952.0
Sinnamary,3380290.0,5.38,-52.96,78.26,10.96,100,100.0,1546888952.0
Pangnirtung,6096551.0,66.15,-65.72,-20.21,2.24,5,61.0,1546884000.0
Itacoatiara,3397893.0,-3.14,-58.44,77.0,2.24,75,94.0,1546884000.0
Poso,1630723.0,-1.4,120.75,78.31,2.91,76,100.0,1546888952.0
Greeley,5069395.0,41.55,-98.53,48.42,9.17,1,55.0,1546887180.0
Chulman,2025261.0,56.84,124.9,-10.17,5.26,36,64.0,1546888953.0
Sibolga,1213855.0,1.74,98.78,69.04,1.9,44,100.0,1546888954.0
Kamaishi,2112444.0,39.28,141.86,28.58,7.72,0,91.0,1546888773.0
Port Blair,1259385.0,11.67,92.75,81.28,14.88,20,100.0,1546888627.0
Burmakino,570770.0,57.43,40.31,15.8,8.95,90,85.0,1546887600.0
Kabalo,215668.0,-6.05,26.92,70.34,5.14,88,100.0,1546888847.0
Yamada,1849876.0,36.58,137.08,39.2,8.05,75,93.0,1546887600.0
Talcahuano,3870282.0,-36.72,-73.12,66.2,10.29,75,52.0,1546887600.0
Saint-Philippe,6138908.0,45.36,-73.48,10.62,4.7,75,46.0,1546887600.0
Cape Canaveral,4149959.0,28.41,-80.6,77.13,6.93,1,44.0,1546887360.0
Polczyn-Zdroj,3088477.0,53.76,16.1,34.16,11.52,80,96.0,1546888957.0
Sandane,3140431.0,61.77,6.22,36.97,5.82,75,100.0,1546887000.0
Miyako,1848087.0,33.63,130.94,44.44,5.82,75,57.0,1546887600.0
San Isidro,1689639.0,16.74,121.63,66.88,1.9,76,91.0,1546888960.0
Nisia Floresta,3393922.0,-6.09,-35.21,84.2,17.22,75,70.0,1546887600.0
Khandyga,2022773.0,62.65,135.58,-37.17,1.57,68,72.0,1546888467.0
Vrangel,2013258.0,42.73,133.08,21.56,19.69,0,100.0,1546888961.0
Raipur,1258980.0,21.24,81.63,64.4,6.93,0,59.0,1546884000.0
Male,695464.0,50.74,33.7,13.1,4.81,56,83.0,1546888962.0
Aberdeen,5225857.0,45.47,-98.49,39.02,4.7,1,64.0,1546883580.0
Labuhan,1641899.0,-2.54,115.51,74.48,0.56,88,93.0,1546888366.0
Port Lincoln,2063036.0,-34.72,135.86,59.77,7.72,0,100.0,1546888643.0
Oytal,1520281.0,42.91,73.27,23.59,2.68,36,71.0,1546888964.0
Abu Samrah,172515.0,35.3,37.18,42.67,3.8,92,97.0,1546888421.0
Faya,110690.0,18.39,42.45,55.4,4.7,0,58.0,1546884000.0
Santa Rosalia,2523920.0,38.07,13.27,50.0,6.93,40,76.0,1546887000.0
Sungaipenuh,1625929.0,-2.08,101.38,67.06,1.12,88,95.0,1546888966.0
Ambilobe,1082243.0,-13.19,49.05,75.07,3.69,88,94.0,1546888628.0
Tazovskiy,1489853.0,67.47,78.7,-6.34,10.85,44,71.0,1546888598.0
Waipawa,2185329.0,-39.94,176.59,52.21,2.8,8,74.0,1546888966.0
Marsaxlokk,2562247.0,35.84,14.54,50.0,3.36,0,61.0,1546886700.0
Rocha,3440777.0,-34.48,-54.34,71.15,18.45,64,96.0,1546888689.0
Monastyrshchina,525426.0,54.35,31.84,7.12,9.4,64,85.0,1546888968.0
Inuvik,5983607.0,68.36,-133.71,-18.94,5.82,75,75.0,1546887600.0
Kampene,214575.0,-3.59,26.67,72.86,2.13,44,90.0,1546888969.0
Brigantine,4500920.0,39.41,-74.36,35.85,3.36,90,33.0,1546887360.0
Marawi,1701054.0,8.0,124.29,60.8,1.9,8,97.0,1546888756.0
Mgachi,2123292.0,51.05,142.27,5.59,14.76,0,100.0,1546888973.0
Christchurch,2192362.0,-43.53,172.64,60.8,8.05,0,93.0,1546887600.0
Quatre Cocos,1106643.0,-20.21,57.76,80.6,13.87,75,88.0,1546887600.0
Norman Wells,6089245.0,65.28,-126.83,-41.81,3.02,20,72.0,1546884000.0
Bela Vista,3470177.0,-22.11,-56.53,87.49,19.13,32,70.0,1546888974.0
Severomorsk,496278.0,69.07,33.42,12.2,2.24,0,85.0,1546887600.0
Klaksvik,2618795.0,62.23,-6.59,41.0,34.45,68,75.0,1546887000.0
Cibitoke,430021.0,-2.89,29.12,63.05,2.13,68,93.0,1546888976.0
Conceicao das Alagoas,3465764.0,-19.91,-48.39,91.04,11.18,36,46.0,1546888976.0
Cururupu,3401148.0,-1.82,-44.87,83.66,8.39,88,79.0,1546888493.0
Maniitsoq,3421982.0,65.42,-52.9,15.67,6.26,68,100.0,1546888977.0
Gari,1506676.0,59.43,62.35,14.36,8.16,80,67.0,1546888977.0
Lerwick,2644605.0,60.15,-1.15,46.4,35.57,75,81.0,1546887000.0
Loreto,3438834.0,-23.27,-57.32,80.51,12.41,20,99.0,1546888978.0
Sept-Iles,6144312.0,50.2,-66.38,12.2,8.05,20,36.0,1546884000.0
Cabo San Lucas,3985710.0,22.89,-109.91,72.45,5.82,90,78.0,1546886460.0
Faanui,4034551.0,-16.48,-151.75,82.13,9.62,24,100.0,1546888639.0
Bubaque,2374583.0,11.28,-15.83,82.13,7.38,88,87.0,1546888979.0
Sur,286245.0,22.57,59.53,71.02,10.96,0,100.0,1546888539.0
Jalu,86049.0,29.03,21.55,51.13,7.83,0,55.0,1546888979.0
Dikson,1507390.0,73.51,80.55,-4.27,15.21,48,91.0,1546888440.0
Saint-Pierre,2995603.0,48.95,4.24,42.17,13.87,90,100.0,1546885800.0
Tezu,1254709.0,27.93,96.16,51.67,2.13,0,54.0,1546888980.0
Palmer,2067070.0,-34.85,139.16,57.2,4.7,0,76.0,1546885800.0
Hambantota,1244926.0,6.12,81.12,75.2,4.7,0,100.0,1546884600.0
Roshchino,1540905.0,55.31,61.27,5.0,4.47,0,92.0,1546887600.0
Peabiru,3454632.0,-23.91,-52.35,78.71,9.06,64,94.0,1546888981.0
Valdivia,3868707.0,-39.81,-73.25,60.8,13.87,75,77.0,1546887600.0
Wanaka,2184707.0,-44.7,169.14,36.23,1.57,0,89.0,1546888981.0
Moussoro,2427336.0,13.64,16.49,70.84,12.19,0,23.0,1546888981.0
Lima,3936456.0,-12.06,-77.04,84.2,10.29,0,51.0,1546887600.0
Mayo,6068416.0,63.59,-135.9,-18.41,2.24,90,75.0,1546884000.0
Manta,685981.0,45.1,24.1,7.43,2.01,0,66.0,1546888982.0
Dalvik,2702977.0,57.79,14.13,35.6,11.41,75,93.0,1546887000.0
Nouadhibou,2377457.0,20.93,-17.03,75.2,6.93,0,29.0,1546884000.0
Shimanovsk,2016701.0,52.0,127.67,-10.62,6.6,0,70.0,1546888983.0
Surt,2210554.0,31.21,16.59,54.01,4.81,64,100.0,1546888983.0
Alyangula,2079582.0,-13.85,136.42,78.8,1.12,40,94.0,1546887600.0
Somerset East,954161.0,-32.72,25.59,79.34,7.61,20,37.0,1546888984.0
Buala,2109528.0,-8.15,159.59,79.84,5.37,64,100.0,1546888747.0
Scottsbluff,5699404.0,41.87,-103.67,46.31,9.17,1,38.0,1546887180.0
Srednekolymsk,2121025.0,67.46,153.71,-27.27,3.13,64,42.0,1546888521.0
Codrington,2160063.0,-28.95,153.24,70.43,3.36,92,83.0,1546887600.0
Omsukchan,2122493.0,62.53,155.8,-25.29,2.13,76,69.0,1546888986.0
San Cristobal,3652462.0,-0.39,-78.55,69.8,11.41,75,49.0,1546884000.0
Providencia,3666582.0,1.24,-77.6,58.84,5.82,40,68.0,1546887600.0
Morrope,3694586.0,-6.54,-80.02,66.2,12.75,40,29.0,1546887600.0
Salinopolis,3389822.0,-0.61,-47.36,81.86,12.19,80,98.0,1546888987.0
Nemuro,2128975.0,43.32,145.57,26.69,12.97,0,100.0,1546888534.0
Segou,2252081.0,12.41,-12.29,89.6,2.24,12,35.0,1546884000.0
Sao Joao da Barra,3448903.0,-21.64,-41.05,89.6,20.8,0,52.0,1546887600.0
Seoul,1835848.0,37.57,126.98,19.4,1.12,0,52.0,1546887600.0
Almas,3451432.0,-11.57,-47.17,88.25,4.59,24,57.0,1546888988.0
Brits,1015621.0,-25.63,27.78,70.65,2.68,0,73.0,1546887600.0
Pevek,2122090.0,69.7,170.27,-22.05,5.26,0,97.0,1546888518.0
Vao,588365.0,59.1,26.19,33.98,5.59,92,98.0,1546888472.0
Kabanjahe,1214965.0,3.1,98.49,75.2,1.9,40,100.0,1546884000.0
Neepawa,6086673.0,50.23,-99.46,26.6,23.04,75,73.0,1546887600.0
Getulio Vargas,3440791.0,-32.68,-53.55,73.36,27.85,80,97.0,1546888989.0
Langsa,1214724.0,4.47,97.97,70.7,2.01,44,97.0,1546888990.0
Sukhodol,486626.0,53.9,51.22,-0.94,5.48,36,79.0,1546888990.0
Alta Floresta,6316343.0,-9.87,-56.08,80.83,2.57,92,84.0,1546888991.0
Mollendo,3934707.0,-17.03,-72.02,77.23,3.91,0,48.0,1546888991.0
Gushikawa,1863495.0,26.35,127.87,65.32,5.82,90,84.0,1546887600.0
Chauk,1327659.0,20.89,94.82,66.29,4.25,92,100.0,1546888630.0
Talaya,1485724.0,55.79,84.89,15.8,13.42,40,78.0,1546887600.0
College,5859699.0,64.86,-147.8,-39.66,4.7,40,66.0,1546887480.0
Khani,610864.0,41.96,42.96,41.0,2.24,90,93.0,1546887600.0
Marsala,2524245.0,37.8,12.44,51.8,3.36,40,81.0,1546883700.0
Mashhad,124665.0,36.3,59.61,51.8,9.17,0,27.0,1546887600.0
Saint-Ambroise,3025602.0,47.25,-0.65,46.4,3.36,90,87.0,1546885800.0
Galesong,1644605.0,-5.32,119.37,77.0,1.12,20,100.0,1546887600.0
Churapcha,2025241.0,62.0,132.43,-29.02,2.24,44,46.0,1546888994.0
Half Moon Bay,5354943.0,37.46,-122.43,55.45,6.93,75,76.0,1546887600.0
Abaza,1512205.0,52.65,90.1,-9.9,2.35,8,49.0,1546888995.0
Vieques,4568570.0,18.43,-65.83,81.19,18.34,40,69.0,1546887360.0
Bambanglipuro,1650434.0,-7.95,110.28,72.64,2.68,12,99.0,1546888480.0
Bud,7626370.0,62.91,6.91,35.04,6.93,75,100.0,1546887000.0
Peniche,2264923.0,39.36,-9.38,51.8,3.36,0,43.0,1546885800.0
Flinders,6255012.0,-34.58,150.85,68.0,5.82,40,100.0,1546884000.0
Thompson,6165406.0,55.74,-97.86,19.4,6.93,90,85.0,1546884000.0
Ust-Omchug,2120047.0,61.13,149.63,-42.61,2.46,12,0.0,1546888998.0
Port-Gentil,2396518.0,-0.72,8.78,80.6,1.12,75,88.0,1546887600.0
Haines Junction,5969025.0,60.75,-137.51,-35.14,2.01,48,58.0,1546888630.0
Bara,2347758.0,10.41,10.6,76.19,8.28,8,21.0,1546888998.0
Ciudad Bolivar,3645532.0,8.12,-63.55,92.53,13.42,20,40.0,1546889000.0
Vilhena,3924679.0,-12.74,-60.15,75.2,13.87,75,83.0,1546884000.0
Solnechnyy,2016307.0,50.72,136.64,-21.24,1.34,48,61.0,1546888637.0
Teguldet,1489822.0,57.31,88.17,15.26,10.85,80,74.0,1546889001.0
Ovsyanka,2018214.0,53.58,126.91,-15.39,5.26,0,67.0,1546889002.0
Puerto Princesa,1692685.0,9.74,118.73,78.8,9.17,20,78.0,1546884000.0
Omboue,2396853.0,-1.57,9.26,81.14,7.61,36,100.0,1546888539.0
Nacogdoches,4713735.0,31.6,-94.66,66.4,5.82,90,78.0,1546887360.0
Salta,3838233.0,-24.79,-65.41,84.2,6.93,75,58.0,1546884000.0
Tailai,2034599.0,46.39,123.41,-5.67,8.28,44,71.0,1546889003.0
Kautokeino,779330.0,69.01,23.04,18.86,7.83,20,86.0,1546889003.0
Ribas do Rio Pardo,3451399.0,-20.45,-53.76,84.07,14.65,44,66.0,1546889004.0
Papara,3395473.0,-3.98,-38.73,84.2,14.99,40,74.0,1546887600.0
Chute-aux-Outardes,5922281.0,49.12,-68.38,10.4,10.29,1,43.0,1546887600.0
Baherden,162158.0,38.44,57.43,43.48,11.74,0,86.0,1546889006.0
Carnarvon,1014034.0,-30.97,22.13,81.23,6.15,92,13.0,1546888452.0
Jennings,2162367.0,-28.93,151.93,63.5,7.61,92,80.0,1546889007.0
Margate,2158744.0,-43.03,147.26,57.2,4.7,75,87.0,1546887600.0
Puerto Palomas,3991350.0,31.78,-107.63,50.0,5.82,1,49.0,1546887180.0
Maunabo,4566208.0,18.01,-65.9,81.19,12.75,20,67.0,1546887360.0
Vila do Maio,3374120.0,15.13,-23.22,77.0,8.05,0,44.0,1546887600.0
Nanakuli,5851349.0,21.39,-158.15,74.64,3.36,1,55.0,1546887420.0
Deputatskiy,2028164.0,69.3,139.9,-51.97,2.46,0,0.0,1546888476.0
Koumac,2140558.0,-20.56,164.28,73.85,8.84,0,88.0,1546888667.0
Fort Nelson,5955902.0,58.81,-122.69,-5.81,5.82,75,70.0,1546884000.0
Columbus,4188985.0,32.46,-84.99,69.04,9.17,1,40.0,1546887480.0
Ancud,3899695.0,-41.87,-73.83,53.6,11.41,75,87.0,1546884000.0
Tateyama,1849876.0,36.66,137.31,29.26,2.24,92,100.0,1546888560.0
Lichinga,1043893.0,-13.3,35.25,68.45,2.01,56,97.0,1546889011.0
Anadyr,2127202.0,64.73,177.51,10.4,38.03,0,66.0,1546884000.0
Sobolevo,525426.0,54.43,31.9,7.12,9.4,64,85.0,1546889011.0
Carauari,3664659.0,-4.88,-66.9,83.08,5.03,92,78.0,1546889012.0
Puerto Colombia,3671497.0,10.99,-74.96,89.6,10.29,40,62.0,1546887600.0
Harper,4696310.0,30.3,-99.24,65.86,3.36,40,76.0,1546886100.0
Rome,6539761.0,41.89,12.48,42.19,3.36,0,81.0,1546887000.0
Erseke,783259.0,40.34,20.68,-1.98,1.79,0,97.0,1546889013.0
Alice Springs,2077895.0,-23.7,133.88,66.2,6.93,0,19.0,1546887600.0
Ahipara,2194098.0,-35.17,173.16,61.88,3.69,80,100.0,1546888450.0
Coruripe,3465329.0,-10.12,-36.18,81.23,10.85,76,97.0,1546888516.0
Lower Hutt,2188164.0,-41.21,174.91,64.4,10.29,0,72.0,1546887600.0
Berlevag,780687.0,70.86,29.09,29.16,19.46,0,100.0,1546887000.0
Serta,3181569.0,46.01,10.15,27.54,4.7,0,91.0,1546887000.0
Chermoz,569122.0,58.79,56.15,5.09,15.88,88,76.0,1546889016.0
Ola,2122574.0,59.58,151.3,0.23,12.19,20,100.0,1546889016.0
Kudahuvadhoo,1337607.0,2.67,72.89,82.27,11.41,0,100.0,1546889017.0
North Bend,5742974.0,43.41,-124.22,42.98,5.82,90,88.0,1546887360.0
Muscat,287286.0,23.6,58.55,71.6,3.36,0,73.0,1546887000.0
San Patricio,3437029.0,-26.98,-56.83,78.22,6.26,80,93.0,1546888577.0
Upington,945945.0,-28.46,21.24,91.4,3.36,0,16.0,1546884000.0
Lata,1253628.0,30.78,78.62,26.78,2.57,0,71.0,1546888501.0
Shingu,1847947.0,33.72,135.99,49.55,12.75,36,100.0,1546888608.0
Cap Malheureux,934649.0,-19.98,57.61,80.6,13.87,75,88.0,1546887600.0
Ostrovnoy,556268.0,68.05,39.51,25.93,13.98,92,95.0,1546889020.0
Anloga,2304548.0,5.79,0.9,84.2,5.7,20,48.0,1546884000.0
Tiznit,2527089.0,29.7,-9.73,59.54,1.9,0,56.0,1546888969.0
Miraflores,3674735.0,5.2,-73.14,61.93,1.9,76,77.0,1546888591.0
Asti,3182714.0,44.9,8.21,34.88,5.82,0,88.0,1546887000.0
Siderno,6540819.0,38.28,16.3,48.74,3.36,40,61.0,1546883700.0
Hualmay,3939761.0,-11.1,-77.61,77.09,5.14,0,65.0,1546889022.0
Baykit,1510689.0,61.68,96.39,6.31,6.71,76,83.0,1546889023.0
Mwene-Ditu,207570.0,-7.01,23.45,74.62,6.04,56,83.0,1546889023.0
Acapulco,3533462.0,16.86,-99.88,84.2,3.36,40,70.0,1546886400.0
Doka,376332.0,13.52,35.76,80.38,12.53,0,33.0,1546889024.0
Lakes Entrance,2160735.0,-37.88,147.99,62.33,3.91,12,100.0,1546889024.0
Homer,5864145.0,59.64,-151.54,17.01,4.7,90,66.0,1546887180.0
Tigil,2120612.0,57.8,158.67,-0.99,5.7,92,76.0,1546889025.0
Chifeng,2038067.0,42.27,118.96,2.08,7.94,0,54.0,1546889026.0
Mattoon,4244099.0,39.48,-88.38,53.6,14.99,90,93.0,1546887240.0
Belyy Yar,1510377.0,53.6,91.39,-4.01,4.47,36,83.0,1546887600.0
Xifeng,2033866.0,42.73,124.72,-6.61,5.59,0,58.0,1546889026.0
Ust-Ilimsk,2013952.0,57.96,102.73,11.21,9.4,92,75.0,1546888527.0
Augusto Correa,3406961.0,-1.02,-46.63,82.85,6.38,92,82.0,1546889027.0
Porto Calvo,3391397.0,-9.05,-35.4,80.6,13.87,75,65.0,1546887600.0
Morro Bay,5374920.0,35.37,-120.85,60.48,8.05,90,83.0,1546887360.0
Gazli,1513990.0,40.13,63.45,45.86,12.41,92,92.0,1546889028.0
Caravelas,3466980.0,-17.73,-39.27,80.92,12.97,0,100.0,1546888476.0
Axim,2303611.0,4.87,-2.24,81.91,8.39,56,100.0,1546889028.0
Zhuhai,2052479.0,40.71,112.04,8.6,8.95,0,42.0,1546887600.0
Slave Lake,6149374.0,55.28,-114.77,3.2,26.4,75,84.0,1546887240.0
Zanjan,111453.0,36.67,48.48,24.67,8.16,0,61.0,1546889030.0
Port Macquarie,2152659.0,-31.43,152.91,64.4,5.93,92,100.0,1546885800.0
Le Port,3036965.0,42.87,1.37,20.62,1.9,0,57.0,1546889030.0
Mbandaka,2312895.0,0.05,18.26,77.54,2.57,24,91.0,1546889030.0
Shenjiamen,1795632.0,29.96,122.3,50.41,12.08,92,100.0,1546889031.0
San Carlos de Bariloche,7647007.0,-41.13,-71.31,57.2,31.09,40,44.0,1546887600.0
Urucara,3385670.0,-2.54,-57.76,84.38,2.68,80,76.0,1546889033.0
Dunedin,2191562.0,-45.87,170.5,44.11,0.89,8,82.0,1546889033.0
Sonoita,5313135.0,31.68,-110.66,50.88,3.36,1,100.0,1546887960.0
Yenangyaung,1285173.0,20.46,94.87,67.28,2.46,92,100.0,1546889034.0
Cannes,6446684.0,43.55,7.01,39.2,1.12,0,86.0,1546885800.0
San Policarpo,1688696.0,12.18,125.51,77.41,16.89,80,96.0,1546889035.0
Sinop,739600.0,42.03,35.15,43.21,7.38,20,100.0,1546889036.0
Ventspils,454310.0,57.39,21.56,33.8,6.93,90,100.0,1546887000.0
Zacualpan,3979819.0,21.25,-105.17,78.8,11.41,90,74.0,1546886580.0
Porto Novo,6322184.0,-23.68,-45.44,93.2,9.17,40,38.0,1546887600.0
Mitsamiouli,921786.0,-11.38,43.28,82.4,4.7,20,83.0,1546884000.0
Lebedinyy,2020871.0,58.52,125.52,-4.72,4.92,44,63.0,1546889038.0
Hazorasp,1513957.0,41.32,61.08,42.8,9.17,90,81.0,1546887600.0
Pokrovsk,704422.0,48.28,37.18,21.16,13.42,92,95.0,1546889039.0
Karoi,889191.0,-16.82,29.68,70.57,3.58,48,88.0,1546889039.0
Turan,1488950.0,52.15,93.92,-28.39,2.13,20,39.0,1546889040.0
Progreso,3440963.0,-34.68,-56.22,71.6,17.22,75,94.0,1546887600.0
Ondjiva,3346821.0,-17.07,15.73,85.96,5.37,44,36.0,1546889041.0
Mastic Beach,5126209.0,40.77,-72.85,30.58,11.41,1,35.0,1546887360.0
Evensk,2125693.0,61.92,159.24,21.52,28.3,80,92.0,1546888572.0
Molina de Segura,2513759.0,38.05,-1.21,51.13,4.7,75,81.0,1546887600.0
Cervo,3469169.0,-22.19,-46.24,82.72,8.39,0,61.0,1546889042.0
Polovinnoye,1494523.0,54.79,65.99,-7.47,4.47,0,46.0,1546889043.0
Mmabatho,975436.0,-25.85,25.61,77.0,17.22,20,61.0,1546887600.0
Barra do Corda,3406318.0,-5.5,-45.25,86.68,5.59,88,61.0,1546889048.0
Along,1278969.0,28.17,94.8,46.04,2.57,0,66.0,1546889048.0
Kathmandu,1283240.0,27.71,85.32,42.8,2.24,20,87.0,1546887000.0
Verkhoyansk,2013465.0,67.55,133.39,-49.27,2.57,20,0.0,1546889050.0
Havre-Saint-Pierre,5972291.0,50.23,-63.6,14.0,20.8,20,40.0,1546887600.0
Aykhal,2027296.0,65.95,111.51,-13.32,4.81,44,57.0,1546888635.0
Dongobesh,160172.0,-4.07,35.37,60.67,2.13,76,98.0,1546889051.0
Camabatela,2242885.0,-8.19,15.37,72.37,6.15,8,76.0,1546889051.0
Nome,4732862.0,30.04,-94.42,72.75,19.46,1,57.0,1546887180.0
Alakurtti,583472.0,66.96,30.34,17.06,4.92,0,86.0,1546889052.0
Kirakira,2178753.0,-10.46,161.92,83.84,12.97,76,100.0,1546889052.0
Acari,3390864.0,-6.44,-36.64,80.74,8.61,32,68.0,1546889053.0
Panacan,1715348.0,7.15,125.66,75.2,4.7,20,83.0,1546884000.0
Nabire,1634614.0,-3.36,135.5,68.99,1.9,76,97.0,1546889054.0
Kunzell,2882440.0,50.54,9.72,34.21,9.95,88,97.0,1546889038.0
Laguna,4013704.0,27.52,-110.01,69.8,8.05,40,68.0,1546886520.0
Kayerkan,1497337.0,69.35,87.76,-0.94,5.82,64,77.0,1546889056.0
Alofi,4036284.0,-19.06,-169.92,76.01,10.74,92,100.0,1546888584.0
Knysna,988698.0,-34.04,23.05,68.0,4.7,68,82.0,1546887660.0
Nuuk,3421319.0,64.17,-51.74,19.4,17.22,75,92.0,1546883400.0
Surajgarh,1255383.0,28.31,75.73,43.43,2.91,0,83.0,1546888982.0
Grass Valley,5353775.0,39.22,-121.06,52.16,9.17,90,85.0,1546887300.0
Mandurah,2067119.0,-32.55,115.7,66.2,17.22,0,72.0,1546887600.0
Kaeo,2189343.0,-35.1,173.78,60.71,4.59,64,90.0,1546888532.0
Samarai,2132606.0,-10.62,150.67,81.86,19.46,64,100.0,1546888772.0
Hue,1580240.0,16.47,107.58,68.0,2.24,40,100.0,1546887600.0
Mersing,1732826.0,2.43,103.84,78.49,7.72,68,98.0,1546889058.0
Nadym,1498087.0,65.53,72.51,-7.42,11.63,32,76.0,1546889058.0
Daoukro,2290412.0,7.06,-3.97,89.69,3.13,36,31.0,1546889059.0
Namatanai,2090021.0,-3.66,152.44,82.58,13.42,92,100.0,1546889060.0
Novo Aripuana,3663142.0,-5.12,-60.38,83.26,2.57,80,78.0,1546889060.0
Fukue,1848373.0,35.03,136.69,39.2,4.7,40,100.0,1546887600.0
General Jose Eduvigis Diaz,3438064.0,-27.17,-58.42,80.6,4.7,40,69.0,1546887600.0
Port Keats,2063039.0,-14.25,129.55,81.68,9.4,8,96.0,1546889061.0
Luanda,2240449.0,-8.83,13.24,80.6,6.93,75,83.0,1546887600.0
Moindou,2140466.0,-21.69,165.68,71.6,3.36,90,78.0,1546887600.0
Goderich,5962442.0,43.74,-81.71,28.49,32.55,92,87.0,1546889064.0
Watrous,6176928.0,51.67,-105.46,21.07,18.45,80,89.0,1546889064.0
Kainantu,2095038.0,-6.29,145.87,65.21,1.12,64,99.0,1546889065.0
Constantine,2501152.0,36.36,6.61,41.0,4.7,40,80.0,1546885800.0
Olinda,3650121.0,-2.03,-79.75,86.0,5.82,75,70.0,1546887600.0
Dudinka,1507116.0,69.41,86.18,-2.11,7.16,64,81.0,1546889066.0
Paamiut,3421193.0,61.99,-49.67,30.65,13.53,92,100.0,1546888572.0
Anna,4670871.0,33.35,-96.55,71.91,16.11,1,42.0,1546887180.0
Tikrit,90150.0,34.62,43.68,38.62,6.38,0,80.0,1546889067.0
Bereda,3105522.0,43.27,-7.54,44.6,2.24,0,81.0,1546885800.0
Martapura,1636022.0,-3.41,114.85,75.2,3.36,80,94.0,1546884000.0
Pata,3058531.0,48.28,17.83,26.64,2.24,75,73.0,1546887600.0
Coquimbo,3893629.0,-29.95,-71.34,69.8,13.87,40,60.0,1546887600.0
Beloha,1067565.0,-25.17,45.06,73.85,3.13,20,91.0,1546889069.0
Rio Gallegos,3838859.0,-51.62,-69.22,59.0,9.17,40,24.0,1546887600.0
Hamilton,3573197.0,32.3,-64.78,64.4,26.4,40,48.0,1546883700.0
Mantua,3174050.0,45.16,10.79,37.54,2.24,0,87.0,1546887000.0
Kalispell,5660340.0,48.2,-114.32,32.0,5.82,90,88.0,1546888020.0
Sitka,4267710.0,37.17,-99.65,55.4,7.72,8,40.0,1546888447.0
Merke,1520969.0,42.87,73.19,2.89,1.9,24,64.0,1546889070.0
Guna,1270711.0,24.65,77.32,45.46,3.58,0,87.0,1546889070.0
Waingapu,1622318.0,-9.65,120.26,73.81,2.8,32,100.0,1546889071.0
Ust-Ishim,1488206.0,57.69,71.17,11.93,11.18,64,81.0,1546889071.0
Tiarei,4033356.0,-17.53,-149.33,80.6,4.7,75,83.0,1546887600.0
Atambua,1651103.0,-9.11,124.89,75.88,4.47,20,100.0,1546889072.0
Vercheres,6173750.0,45.78,-73.35,11.01,4.7,75,46.0,1546887600.0
Ambon,3037899.0,47.55,-2.56,46.49,3.36,90,100.0,1546885800.0
Souris,6151455.0,46.36,-62.25,21.2,17.22,75,67.0,1546887600.0
Rundu,3353383.0,-17.91,19.77,82.99,4.47,24,47.0,1546889074.0
Rodrigues Alves,3665210.0,-7.74,-72.65,86.0,5.82,40,74.0,1546887600.0
Ahuimanu,5856516.0,21.44,-157.84,74.7,3.13,1,84.0,1546887420.0
Ponta Delgada,3372783.0,37.73,-25.67,62.6,20.8,40,88.0,1546885800.0
Larsnes,3148133.0,62.2,5.58,36.7,18.34,75,93.0,1546887000.0
Lac du Bonnet,6014443.0,50.25,-96.06,32.0,11.86,36,97.0,1546889077.0
Kpandu,2299233.0,7.0,0.29,87.35,3.13,44,46.0,1546888959.0
Balti,618605.0,47.76,27.93,21.2,8.05,75,79.0,1546885800.0
Perundurai,1259855.0,11.28,77.58,71.6,1.34,0,64.0,1546887600.0
Hofn,2630299.0,64.25,-15.21,35.6,24.16,0,40.0,1546887600.0
